0 
1 
2 
3 
4 
5 
6 
7 
8 
9 
10 
11 
12 
13 
14 
15 
16 
17 
18 
19 
20 
21 
22 
23 
24 
25 
26 
27 
28 
29 
30 
31 
32 
33 
34 
35 
36 
37 
38 
39 
40 
41 
42 126 105 208 205 
43 126 107 216 204 
44 137 109 210 211 
45 148 110 213 216 
46 149 113 212 222 
47 153 118 222 228 
48 164 149 226 197 
49 171 152 224 202 
50 187 147 229 222 
51 185 144 247 233 
52 194 150 248 232 
53 212 150 240 241 
54 216 155 254 248 
55 235 156 244 252 
56 244 158 270 258 
57 248 161 277 266 
58 273 169 274 269 
59 
60 209 209 461 248 
61 231 217 469 242 
62 246 224 476 243 
63 258 227 493 244 
64 291 245 481 242 
65 285 256 541 241 
66 296 253 572 267 
67 324 269 572 270 
68 336 285 605 259 
69 358 281 622 288 
70 392 294 636 293 
71 
72 405 331 751 300 
73 666 370 336 277 
74 705 376 345 297 
75 764 397 377 301 
76 794 419 383 309 
77 858 437 420 325 
78 
79 1010 509 455 334 
80 1045 522 479 331 
81 1134 566 478 337 
82 1220 600 570 387 
83 1310 629 549 386 
84 1414 677 481 350 
85 1502 723 399 322 
86 
87 
88 
89 
90 
91 
92 133 112 223 205 
93 145 116 219 203 
94 
95 
96 168 125 239 211 
97 179 121 244 223 
98 181 126 249 215 
99 208 145 238 212 
100 229 148 220 210 
101 229 148 228 222 
102 244 145 228 243 
103 246 151 258 246 
104 246 152 279 251 
105 283 154 251 251 
106 289 166 263 240 
107 292 170 289 247 
108 202 199 495 206 
109 244 202 453 207 
110 262 210 455 225 
111 265 215 493 232 
112 281 217 496 243 
113 296 225 513 241 
114 320 230 521 241 
115 329 251 547 227 
116 354 260 555 241 
117 359 273 591 243 
118 365 282 646 254 
119 359 297 719 255 
120 403 297 711 276 
121 444 299 692 293 
122 497 337 701 280 
123 721 359 340 264 
124 740 398 383 248 
125 793 419 397 235 
126 862 417 386 285 
127 906 442 433 280 
128 998 479 418 301 
129 1027 477 472 344 
130 1089 531 542 315 
131 1144 533 554 368 
132 1272 578 560 395 
133 1312 585 528 407 
134 1393 648 516 368 
135 1517 686 398 369 
136 
137 1655 759 341 369 
138 
139 
140 
141 
142 
143 
144 
145 
146 
147 
148 
149 
150 
151 
152 
153 
154 
155 
156 
157 
158 
159 
160 
161 
162 
163 
164 
165 
166 
167 
168 
169 
170 125 131 219 203 
171 141 159 190 191 
172 143 162 200 194 
173 156 163 196 195 
174 158 161 208 210 
175 158 159 226 225 
176 160 165 225 225 
177 166 167 229 228 
178 168 169 242 229 
179 180 172 248 237 
180 190 172 248 245 
181 206 176 244 260 
182 229 211 233 222 
183 241 214 227 239 
184 251 215 249 260 
185 262 231 257 245 
186 284 232 250 253 
187 288 228 260 269 
188 219 258 434 240 
189 217 288 483 228 
190 247 285 461 243 
191 253 289 494 257 
192 279 300 491 264 
193 308 311 496 273 
194 317 326 526 266 
195 326 342 574 281 
196 352 350 586 302 
197 385 368 584 317 
198 387 393 676 314 
199 605 413 306 290 
200 634 433 344 298 
201 679 495 353 299 
202 730 508 404 330 
203 774 546 421 303 
204 859 561 443 365 
205 905 581 510 421 
206 996 621 529 420 
207 1109 647 517 417 
208 
209 1285 772 531 303 
210 1384 811 521 252 
211 1495 868 408 202 
212 
213 
214 
215 
216 
217 
218 
219 
220 
221 
222 
223 
224 
225 
226 
227 
228 
229 
230 
231 
232 
233 
234 
235 
236 
237 
238 
239 
240 
241 
242 
243 
244 
245 
246 
247 
248 
249 
250 
251 
252 
253 
254 
255 
256 
257 
258 
259 1648 771 368 334 
260 1525 764 554 328 
261 
262 
263 1508 682 391 323 
264 1459 660 463 358 
265 1415 627 501 393 
266 1359 604 561 388 
267 1294 593 599 370 
268 1294 589 478 317 
269 1206 553 480 313 
270 1167 532 462 321 
271 1136 504 427 314 
272 1065 484 449 318 
273 1044 468 405 319 
274 1005 458 392 288 
275 959 452 372 273 
276 920 423 372 274 
277 899 414 343 260 
278 877 401 325 265 
279 813 392 366 253 
280 797 362 339 269 
281 781 358 316 259 
282 547 330 720 299 
283 504 328 739 285 
284 517 308 666 290 
285 505 310 644 281 
286 470 295 651 288 
287 460 286 643 280 
288 435 284 636 274 
289 433 277 595 270 
290 414 275 610 260 
291 406 268 582 261 
292 409 271 536 228 
293 408 255 521 242 
294 379 246 541 245 
295 381 243 502 232 
296 355 237 519 233 
297 347 232 503 232 
298 354 228 464 240 
299 341 224 473 237 
300 
301 
302 
303 
304 
305 
306 360 168 281 252 
307 358 162 274 256 
308 349 163 263 245 
309 334 161 266 245 
310 326 156 267 240 
311 330 147 251 241 
312 325 145 250 238 
313 
314 312 164 245 201 
315 312 160 237 205 
316 313 157 215 200 
317 306 148 215 214 
318 293 142 223 215 
319 
320 
321 
322 
323 
324 
325 
326 
327 
328 237 123 207 189 
329 228 121 206 190 
330 230 130 205 169 
331 224 128 205 166 
332 222 133 209 155 
333 
334 
335 
336 
337 
338 
339 
340 
341 
342 
343 
344 
345 
346 
347 
348 
349 
350 
351 
352 
353 
354 
355 
356 
357 
358 
359 
360 
361 
362 
363 
364 
365 
366 
367 
368 
369 
370 
371 
372 
373 1627 659 392 303 
374 
375 
376 
377 
378 1427 564 462 278 
379 1352 519 471 304 
380 1333 493 444 281 
381 1212 468 489 267 
382 1177 443 450 267 
383 1154 387 390 305 
384 1083 374 410 303 
385 1040 353 387 293 
386 973 340 390 303 
387 936 339 386 279 
388 898 318 373 258 
389 869 314 359 252 
390 856 301 326 249 
391 793 279 345 249 
392 
393 583 246 654 279 
394 557 243 629 266 
395 543 235 604 257 
396 519 229 565 250 
397 487 223 609 238 
398 496 217 545 242 
399 457 216 555 231 
400 445 211 550 230 
401 425 206 552 212 
402 411 203 529 211 
403 391 184 533 231 
404 
405 464 159 322 252 
406 370 171 476 225 
407 
408 443 152 280 242 
409 438 151 272 241 
410 434 147 259 236 
411 419 144 258 230 
412 392 144 282 232 
413 
414 
415 366 135 262 226 
416 
417 
418 
419 1444 634 459 226 
420 1377 564 441 276 
421 1313 545 414 237 
422 1225 503 419 271 
423 1182 471 396 264 
424 1116 453 369 261 
425 1059 411 367 280 
426 1043 395 308 279 
427 822 376 654 280 
428 765 355 628 289 
429 733 342 639 294 
430 666 336 665 276 
431 686 323 566 264 
432 618 303 619 269 
433 576 303 612 252 
434 588 292 547 257 
435 
436 526 267 539 241 
437 495 272 538 228 
438 502 260 480 237 
439 484 265 473 209 
440 558 230 278 251 
441 539 219 273 256 
442 515 216 279 252 
443 504 205 265 249 
444 477 192 277 262 
445 461 182 275 247 
446 451 184 257 233 
447 437 178 254 231 
448 
449 405 168 258 230 
450 
451 
452 381 165 232 216 
453 375 160 214 219 
454 365 156 207 219 
455 351 141 226 240 
456 334 140 227 226 
457 322 143 229 224 
458 315 143 223 214 
459 
460 
461 
462 
463 
464 
465 
466 
467 
468 
469 
470 
471 
472 
473 
474 
475 
476 
477 
478 
479 
480 
481 
482 
483 
484 
485 
486 
487 
488 
489 
490 
491 
492 
493 
494 
495 
496 
497 
498 1519 730 545 380 
499 1563 756 362 269 
500 1499 717 417 286 
501 1424 685 498 324 
502 1376 660 551 302 
503 1312 621 523 301 
504 1274 606 436 269 
505 1187 565 447 262 
506 1070 531 459 256 
507 1030 501 419 265 
508 955 459 408 284 
509 926 448 382 253 
510 876 440 370 236 
511 825 421 352 224 
512 580 374 737 272 
513 556 366 732 250 
514 527 357 687 228 
515 500 336 677 241 
516 472 327 652 234 
517 449 309 633 229 
518 435 308 593 213 
519 418 295 587 210 
520 407 289 537 197 
521 393 282 517 190 
522 370 267 521 192 
523 441 234 335 246 
524 439 226 287 241 
525 425 216 289 241 
526 409 217 303 225 
527 395 209 298 226 
528 368 191 288 233 
529 363 189 277 218 
530 351 183 276 224 
531 333 171 277 231 
532 320 167 274 222 
533 310 173 275 209 
534 312 172 251 200 
535 302 160 236 203 
536 295 158 229 208 
537 293 153 223 212 
538 292 156 211 199 
539 270 151 220 199 
540 269 150 212 195 
541 251 142 213 185 
542 239 141 214 181 
543 234 148 199 162 
544 
545 
546 
547 1572 734 451 336 
548 
549 
550 1495 724 419 281 
551 1432 676 481 281 
552 1334 652 537 265 
553 1294 635 464 227 
554 1220 589 448 249 
555 1159 559 433 247 
556 1079 520 430 245 
557 1033 493 394 252 
558 983 459 374 266 
559 941 443 365 258 
560 903 414 335 241 
561 651 391 739 262 
562 108 161 213 186 663 372 650 260 
563 590 358 687 253 122 155 209 208 
564 130 151 214 221 569 342 660 260 
565 142 151 206 228 542 320 638 259 
566 140 155 226 240 525 314 610 237 
567 503 301 577 238 147 163 225 225 
568 505 294 535 237 156 169 221 222 
569 452 282 560 236 160 168 223 230 
570 429 280 560 209 170 169 234 234 
571 429 264 508 207 186 174 235 232 
572 198 180 231 227 
573 486 229 296 246 189 180 255 240 
574 481 221 269 246 214 178 243 259 
575 229 216 234 224 
576 444 197 278 254 229 226 258 227 
577 440 205 265 231 249 213 262 256 
578 247 216 279 260 399 188 284 240 
579 268 220 266 261 399 174 262 242 
580 194 231 462 242 
581 176 234 524 255 
582 226 239 453 258 
583 
584 240 275 491 266 
585 245 264 522 293 
586 260 290 541 270 
587 262 296 584 272 
588 291 304 574 283 
589 332 326 558 301 
590 328 337 620 291 
591 525 374 318 278 
592 546 386 330 277 
593 588 393 336 312 
594 621 411 362 291 
595 652 428 359 300 
596 710 466 380 320 
597 751 494 422 328 
598 794 538 427 303 
599 868 544 460 350 
600 
601 1002 595 517 409 
602 1094 634 543 404 
603 1172 655 518 409 
604 1270 689 565 395 
605 1332 790 508 266 
606 1415 799 507 274 
607 1522 820 390 258 
608 1524 831 534 276 
609 
610 
611 
612 
613 
614 
615 
616 
617 
618 
619 
620 
621 
622 
623 
624 
625 
626 
627 
628 
629 
630 
631 
632 
633 
634 
635 
636 
637 
638 
639 
640 
641 
642 
643 
644 
645 
646 
647 
648 
649 
650 
651 1563 714 476 378 
652 1543 709 494 341 
653 1526 700 381 315 
654 1466 667 463 351 
655 1397 631 536 366 
656 1304 603 601 342 
657 1292 584 525 317 
658 1178 536 557 302 
659 1139 512 495 307 
660 1058 483 498 301 
661 1044 460 420 286 
662 963 439 416 272 
663 925 430 398 252 
664 891 405 364 244 
665 840 393 356 238 
666 794 371 346 243 
667 597 321 670 303 
668 558 308 669 307 
669 517 295 679 292 
670 499 286 655 280 
671 460 286 657 258 
672 438 268 638 273 
673 428 280 602 230 
674 435 257 527 243 
675 409 260 531 223 
676 406 240 496 230 
677 393 225 482 246 
678 372 223 475 234 
679 372 211 454 245 
680 343 214 462 229 
681 332 210 454 225 
682 391 165 294 282 
683 377 163 296 274 
684 373 157 271 268 
685 369 152 261 257 
686 363 147 244 252 
687 354 145 238 247 
688 340 138 241 251 
689 328 126 241 260 
690 321 143 236 232 
691 312 130 239 245 
692 310 136 218 224 
693 308 133 207 227 
694 294 123 219 225 
695 279 121 222 215 
696 263 122 226 206 
697 261 112 223 207 
698 
699 262 108 194 209 
700 247 105 200 208 
701 241 110 198 192 
702 232 111 195 181 
703 226 116 198 164 
704 220 114 202 160 
705 221 113 191 163 
706 211 116 202 156 
707 204 112 209 151 
708 
709 
710 
711 
712 
713 
714 
715 
716 
717 
718 
719 
720 
721 
722 
723 
724 
725 
726 
727 
728 
729 
730 
731 
732 
733 
734 
735 
736 
737 
738 
739 
740 
741 
742 
743 
744 
745 
746 
747 
748 
749 
750 
751 
752 
753 
754 
755 
756 
757 
758 
759 
760 
761 
762 
763 
764 
765 104 123 256 150 
766 100 122 270 160 
767 112 121 258 168 
768 111 120 265 172 
769 125 119 258 181 
770 126 116 260 192 
771 138 109 260 212 
772 147 106 269 223 
773 150 107 275 229 
774 150 106 298 244 
775 151 105 303 253 
776 164 104 295 260 
777 178 101 286 267 
778 205 111 291 284 
779 214 110 283 292 
780 136 149 452 237 
781 144 145 479 248 
782 174 156 457 232 
783 182 160 464 237 
784 187 156 489 254 
785 179 162 520 258 
786 195 180 530 259 
787 204 178 535 268 
788 234 195 538 262 
789 268 196 519 280 
790 272 196 556 298 
791 276 203 588 305 
792 262 213 647 299 
793 465 249 315 255 
794 480 266 325 248 
795 497 289 347 245 
796 525 281 369 277 
797 559 303 377 287 
798 612 328 355 298 
799 641 331 398 320 
800 652 325 443 348 
801 713 357 443 341 
802 726 367 490 382 
803 769 382 477 402 
804 814 375 616 520 
805 838 388 643 526 
806 937 407 647 571 
807 993 430 719 601 
808 1029 495 835 556 
809 1139 522 749 549 
810 1215 563 689 512 
811 1296 580 625 527 
812 1411 652 503 432 
813 1505 684 421 401 
814 1576 732 441 441 
815 
816 
817 
818 
819 
820 
821 
822 
823 
824 
825 
826 
827 
828 
829 
830 
831 
832 
833 
834 54 122 273 135 
835 57 115 274 154 
836 59 119 269 150 
837 64 118 265 164 
838 69 120 271 166 
839 67 123 280 167 
840 79 115 302 174 
841 73 113 314 182 
842 74 108 323 196 
843 83 102 316 208 
844 86 103 329 214 
845 90 99 324 231 
846 97 97 332 242 
847 113 96 324 252 
848 123 102 319 252 
849 128 103 319 256 
850 129 96 341 272 
851 52 130 506 215 
852 77 134 466 227 
853 86 135 470 227 
854 87 133 493 234 
855 87 135 512 234 
856 80 127 556 252 
857 71 123 583 264 
858 107 122 547 284 
859 128 121 538 301 
860 1445 544 458 304 138 116 558 312 
861 1385 517 521 333 122 121 620 318 
862 1332 472 510 314 151 135 598 313 
863 1269 458 491 290 175 121 578 345 
864 1204 414 474 306 202 111 569 384 
865 1173 388 437 311 194 118 612 370 
866 1156 359 363 320 336 159 321 276 
867 381 191 310 275 1052 342 431 317 
868 1030 331 354 297 
869 439 203 332 303 957 334 387 246 
870 445 208 344 309 925 304 366 262 
871 893 294 338 265 467 206 331 312 
872 715 258 654 299 478 194 338 338 
873 643 244 705 311 496 193 383 357 
874 690 235 567 286 496 171 441 396 
875 540 194 441 404 
876 547 186 479 454 
877 562 189 490 486 
878 1632 662 400 295 595 203 508 483 
879 1497 632 578 307 637 214 578 537 
880 1397 613 674 254 703 230 565 549 
881 694 236 639 541 
882 1526 622 379 243 790 243 596 606 
883 1515 569 396 287 428 174 520 245 825 245 634 606 
884 405 172 543 237 874 274 683 637 1480 540 387 281 
885 400 172 513 238 951 281 681 625 
886 397 170 485 231 976 256 646 666 
887 1057 346 744 630 367 160 493 235 
888 361 151 477 234 1108 385 892 643 
889 439 136 286 256 1165 343 705 716 
890 863 374 582 266 427 128 289 252 
891 1344 356 620 727 415 123 286 256 969 394 377 231 
892 
893 868 342 390 236 
894 837 332 367 224 
895 361 104 272 242 612 303 747 251 1019 402 426 231 
896 357 107 251 232 
897 1000 362 276 259 340 103 252 227 
898 561 262 622 241 329 106 256 216 
899 331 106 243 209 549 248 607 244 
900 324 112 253 190 510 251 585 221 
901 479 241 606 214 
902 479 226 563 234 
903 
904 417 226 605 201 298 117 216 170 
905 285 115 214 168 
906 279 120 213 157 
907 492 168 306 243 
908 370 194 546 213 
909 
910 
911 
912 414 148 327 246 
913 404 154 327 228 
914 398 150 307 226 
915 387 145 315 225 
916 
917 
918 337 122 306 218 
919 334 122 288 218 
920 320 124 300 217 
921 310 120 289 220 
922 307 125 286 207 
923 293 118 287 207 
924 303 122 257 191 
925 295 120 256 187 
926 295 122 230 180 
927 286 124 224 173 
928 277 121 221 169 
929 265 117 228 172 
930 267 119 217 162 
931 251 120 222 163 
932 245 122 226 154 
933 242 124 223 147 
934 225 124 230 144 
935 
936 
937 
938 
939 
940 
941 
942 
943 
944 
945 
946 
947 
948 
949 
950 
951 
952 
953 
954 
955 
956 
957 
958 
959 
960 
961 
962 
963 
964 
965 
966 
967 
968 
969 
970 
971 
972 
973 
974 
975 
976 
977 
978 1595 645 422 322 
979 1473 613 617 330 
980 
981 
982 
983 
984 1337 529 464 263 
985 1288 493 418 262 
986 1205 478 438 243 
987 1174 444 400 250 
988 1123 421 372 241 
989 1060 403 372 238 
990 1041 389 348 237 
991 977 366 354 241 
992 940 325 333 251 
993 895 326 332 234 
994 695 298 649 282 
995 662 295 669 260 
996 620 281 657 252 
997 607 276 639 248 
998 588 265 578 239 
999 560 255 602 230 
1000 551 244 579 229 
1001 522 244 560 230 
1002 515 223 530 236 
1003 499 219 518 236 
1004 565 197 331 263 
1005 547 187 338 271 
1006 421 202 521 206 
1007 500 179 315 244 
1008 491 164 313 256 
1009 485 158 296 259 
1010 461 159 297 249 
1011 455 162 282 236 
1012 450 156 265 237 
1013 437 156 264 227 
1014 432 157 256 211 
1015 410 146 263 218 
1016 394 145 267 217 
1017 
1018 383 135 250 226 
1019 364 125 246 216 
1020 358 127 231 203 
1021 345 126 232 199 
1022 340 128 235 187 
1023 339 126 226 184 
1024 335 123 234 184 
1025 318 116 229 195 
1026 316 119 224 186 
1027 307 117 221 186 
1028 297 113 220 188 
1029 300 120 212 172 
1030 291 117 214 171 
1031 284 119 223 159 
1032 
1033 
1034 
1035 
1036 
1037 
1038 
1039 
1040 
1041 
1042 
1043 
1044 
1045 
1046 
1047 
1048 
1049 
1050 
1051 
1052 
1053 
1054 
1055 
1056 
1057 
1058 
1059 
1060 
1061 
1062 
1063 
1064 
1065 
1066 
1067 
1068 
1069 
1070 
1071 
1072 
1073 
1074 1482 643 596 296 
1075 
1076 
1077 
1078 
1079 
1080 
1081 
1082 1144 446 425 257 
1083 
1084 
1085 984 367 369 258 
1086 936 355 387 240 
1087 885 336 380 243 
1088 696 317 644 257 
1089 654 307 683 250 
1090 612 290 662 242 
1091 591 296 676 228 
1092 554 270 628 231 
1093 543 258 604 240 
1094 505 257 647 220 
1095 498 239 583 230 
1096 494 242 556 216 
1097 561 218 375 256 
1098 450 215 547 226 
1099 533 201 345 252 
1100 
1101 1443 659 449 238 481 168 336 256 
1102 467 170 330 253 1352 612 457 259 
1103 1294 566 431 271 450 165 323 251 
1104 1213 530 437 268 447 156 299 253 
1105 1169 509 389 267 
1106 1073 469 415 266 430 162 282 232 
1107 417 156 273 230 1036 436 393 271 
1108 396 140 283 239 990 423 352 266 
1109 384 145 283 231 
1110 745 368 663 301 380 144 256 226 
1111 666 361 712 262 381 130 242 240 
1112 371 125 247 247 650 341 673 286 
1113 344 110 245 241 582 327 716 288 
1114 335 113 244 226 608 325 606 259 
1115 334 112 238 222 534 323 657 239 
1116 537 301 600 250 
1117 
1118 319 114 204 205 
1119 310 114 205 198 482 282 536 211 
1120 310 115 200 195 462 272 528 221 
1121 296 118 211 184 444 272 507 203 
1122 286 122 217 176 437 257 478 214 
1123 422 238 470 229 
1124 404 234 458 221 
1125 377 227 473 232 
1126 
1127 
1128 
1129 
1130 
1131 
1132 
1133 350 163 267 233 
1134 346 152 248 236 
1135 335 157 253 224 
1136 
1137 
1138 316 145 221 225 
1139 308 129 218 242 
1140 
1141 
1142 
1143 261 118 243 203 
1144 
1145 
1146 
1147 
1148 
1149 
1150 
1151 
1152 
1153 
1154 
1155 
1156 
1157 
1158 
1159 
1160 
1161 
1162 
1163 
1164 
1165 
1166 
1167 
1168 
1169 
1170 
1171 
1172 
1173 
1174 
1175 
1176 
1177 
1178 
1179 
1180 
1181 
1182 
1183 
1184 
1185 
1186 
1187 
1188 
1189 
1190 
1191 
1192 
1193 
1194 
1195 
1196 
1197 
1198 
1199 
1200 
1201 
1202 
1203 
1204 
1205 
1206 
1207 
1208 
1209 
1210 
1211 
1212 
1213 
1214 
1215 
1216 
1217 0 109 216 226 
1218 
1219 
1220 
1221 
1222 14 155 279 221 
1223 9 152 293 234 
1224 24 158 280 230 
1225 55 164 257 234 
1226 65 166 266 235 
1227 
1228 87 171 287 259 
1229 96 173 291 273 
1230 121 203 295 249 
1231 32 221 496 247 
1232 62 222 482 245 
1233 71 225 491 249 
1234 81 234 521 250 
1235 94 245 526 260 
1236 128 254 506 258 
1237 134 275 555 264 
1238 146 275 569 269 
1239 156 287 625 273 
1240 176 297 628 286 
1241 210 298 632 307 
1242 394 329 346 297 
1243 443 350 333 296 
1244 479 379 360 277 
1245 519 399 366 280 
1246 585 412 379 314 
1247 623 438 395 313 
1248 688 480 451 311 
1249 736 485 467 331 
1250 832 525 469 362 
1251 889 542 484 374 
1252 1011 628 523 374 
1253 1017 594 671 470 
1254 1152 603 692 502 
1255 1204 638 690 467 
1256 
1257 1445 782 478 297 
1258 1562 796 344 283 
1259 1611 797 425 342 
1260 
1261 
1262 
1263 
1264 
1265 
1266 
1267 
1268 
1269 
1270 
1271 
1272 
1273 
1274 
1275 
1276 
1277 
1278 
1279 
1280 
1281 
1282 
1283 
1284 
1285 
1286 
1287 
1288 
1289 
1290 1466 724 431 233 
1291 1358 663 433 264 
1292 
1293 1200 585 396 245 
1294 
1295 1044 507 391 272 
1296 
1297 920 450 376 260 
1298 900 418 319 266 
1299 643 417 727 267 
1300 603 397 668 268 
1301 546 377 708 266 
1302 505 363 689 248 
1303 469 349 669 243 
1304 458 332 633 254 
1305 423 324 616 245 
1306 410 304 593 247 
1307 411 302 533 238 
1308 369 293 548 227 
1309 366 289 507 225 
1310 344 275 478 216 
1311 417 247 307 246 
1312 395 234 286 250 
1313 381 229 281 250 
1314 356 222 289 246 
1315 343 213 273 248 
1316 323 205 263 250 
1317 300 198 279 249 
1318 291 185 268 249 
1319 266 185 273 227 
1320 256 177 255 231 
1321 230 172 269 234 
1322 228 163 261 238 
1323 216 158 246 242 
1324 197 161 242 222 
1325 185 151 246 230 
1326 175 143 253 236 
1327 167 157 239 211 
1328 164 143 225 223 
1329 157 137 216 228 
1330 142 132 211 233 
1331 
1332 
1333 
1334 
1335 98 127 194 185 
1336 
1337 
1338 
1339 
1340 
1341 
1342 
1343 
1344 
1345 
1346 
1347 
1348 
1349 
1350 
1351 
1352 
1353 
1354 
1355 
1356 
1357 
1358 
1359 
1360 
1361 
1362 
1363 
1364 
1365 
1366 
1367 
1368 
1369 1562 827 474 276 
1370 
1371 
1372 
1373 1439 748 454 253 
1374 
1375 1309 667 467 262 
1376 
1377 1145 614 437 262 
1378 1055 579 442 259 
1379 1025 539 402 272 
1380 950 501 403 291 
1381 909 474 395 309 
1382 869 458 364 277 
1383 815 462 357 253 
1384 783 412 334 267 
1385 745 402 325 262 
1386 525 383 668 286 
1387 504 355 652 292 
1388 446 350 665 266 
1389 444 329 624 297 
1390 408 329 629 282 
1391 394 310 573 278 
1392 362 297 582 275 
1393 349 296 563 253 
1394 336 283 538 261 
1395 311 274 538 260 
1396 302 277 534 240 
1397 271 267 515 231 
1398 261 249 497 244 
1399 267 248 448 229 
1400 237 237 463 234 
1401 213 225 477 243 
1402 
1403 292 194 278 281 
1404 274 187 282 280 
1405 
1406 
1407 
1408 223 163 249 266 
1409 209 164 249 256 
1410 177 159 272 252 
1411 178 158 257 248 
1412 
1413 
1414 
1415 161 153 225 240 
1416 152 153 231 232 
1417 133 144 243 235 
1418 123 135 238 242 
1419 118 136 235 237 
1420 106 131 250 242 
1421 
1422 
1423 
1424 
1425 
1426 
1427 
1428 
1429 
1430 
1431 
1432 
1433 
1434 
1435 
1436 
1437 
1438 
1439 
1440 
1441 
1442 
1443 
1444 
1445 
1446 
1447 
1448 
1449 
1450 
1451 
1452 
1453 
1454 
1455 
1456 
1457 
1458 
1459 
1460 
1461 
1462 
1463 
1464 
1465 
1466 
1467 
1468 
1469 
1470 
1471 
1472 
1473 
1474 
1475 
1476 
1477 
1478 
1479 
1480 
1481 
1482 
1483 
1484 
1485 
1486 0 147 201 210 
1487 0 151 212 209 
1488 0 157 226 212 
1489 6 163 230 218 
1490 6 158 242 230 
1491 18 165 239 227 
1492 37 162 239 241 
1493 43 173 248 229 
1494 57 178 244 232 
1495 58 178 262 243 
1496 
1497 104 198 259 261 
1498 112 205 274 261 
1499 137 218 254 257 
1500 64 226 428 247 
1501 73 242 451 238 
1502 98 262 432 223 
1503 127 262 419 243 
1504 128 277 463 249 
1505 143 285 482 256 
1506 161 296 507 260 
1507 168 303 533 268 
1508 226 320 474 267 
1509 231 327 539 286 
1510 253 338 548 286 
1511 247 364 612 285 
1512 307 378 586 296 
1513 310 396 659 308 
1514 518 422 318 278 
1515 561 421 317 313 
1516 611 470 336 334 
1517 649 526 368 287 
1518 722 533 369 318 
1519 763 570 405 311 
1520 848 584 420 385 
1521 897 619 463 375 
1522 992 651 471 388 
1523 1094 677 507 390 
1524 1178 715 500 363 
1525 1264 791 539 274 
1526 1344 829 497 234 
1527 1478 871 437 181 
1528 
1529 
1530 
1531 
1532 
1533 
1534 
1535 
1536 
1537 
1538 
1539 
1540 
1541 
1542 
1543 1528 777 530 323 
1544 
1545 1494 762 393 239 
1546 1441 760 467 245 
1547 1341 683 490 259 
1548 1282 661 484 264 
1549 1195 630 440 238 
1550 
1551 1047 552 436 266 
1552 961 510 412 271 
1553 921 491 406 277 
1554 884 457 357 272 
1555 827 419 344 288 
1556 771 401 328 273 
1557 601 383 607 292 
1558 534 367 615 281 
1559 461 353 660 263 
1560 476 339 567 286 
1561 379 334 654 250 
1562 386 322 583 245 
1563 356 304 577 249 
1564 345 293 546 254 
1565 309 287 547 234 
1566 
1567 263 274 521 220 
1568 270 261 470 217 
1569 246 253 473 216 
1570 229 235 460 234 
1571 299 214 278 264 
1572 289 206 280 259 
1573 274 198 269 255 
1574 
1575 
1576 226 181 257 243 
1577 213 170 243 242 
1578 186 164 261 233 
1579 177 156 256 247 
1580 
1581 168 162 226 226 
1582 152 153 230 228 
1583 146 145 214 226 
1584 123 136 229 232 
1585 
1586 
1587 
1588 
1589 
1590 
1591 
1592 
1593 
1594 
1595 
1596 
1597 
1598 
1599 
1600 
1601 
1602 
1603 
1604 
1605 
1606 
1607 
1608 
1609 
1610 
1611 
1612 
1613 
1614 
1615 
1616 
1617 
1618 
1619 
1620 
1621 
1622 
1623 
1624 1627 795 387 312 
1625 1511 801 468 282 
1626 
1627 1483 742 414 271 
1628 1623 830 418 260 
1629 1465 811 553 242 
1630 
1631 
1632 
1633 
1634 
1635 
1636 
1637 
1638 
1639 
1640 
1641 
1642 
1643 386 317 638 246 
1644 373 301 625 250 
1645 356 295 587 243 
1646 329 290 612 237 
1647 
1648 266 272 596 212 
1649 264 260 547 216 
1650 
1651 228 231 532 223 
1652 298 206 339 267 
1653 
1654 
1655 250 174 322 251 
1656 222 170 333 257 
1657 
1658 
1659 208 151 281 259 
1660 181 144 283 254 
1661 168 140 287 253 
1662 
1663 
1664 157 146 250 225 
1665 140 143 250 219 
1666 127 140 243 219 
1667 
1668 
1669 
1670 
1671 
1672 
1673 
1674 
1675 
1676 
1677 
1678 
1679 
1680 
1681 
1682 
1683 
1684 
1685 
1686 
1687 
1688 
1689 
1690 
1691 
1692 
1693 
1694 
1695 
1696 
1697 
1698 
1699 1674 787 332 321 
1700 1520 746 557 359 
1701 
1702 1509 744 398 285 
1703 1449 728 459 277 
1704 1384 678 520 298 
1705 1295 663 518 263 
1706 1274 643 437 252 
1707 1180 601 435 254 
1708 1094 568 437 258 
1709 1028 557 426 233 
1710 949 534 431 246 
1711 921 501 400 240 
1712 890 460 372 259 
1713 849 448 338 248 
1714 
1715 758 415 332 237 
1716 491 410 772 227 
1717 484 382 712 230 
1718 
1719 423 357 685 229 
1720 409 348 635 218 
1721 370 335 660 201 
1722 
1723 346 311 586 210 
1724 
1725 
1726 
1727 267 287 537 176 
1728 
1729 350 240 298 222 
1730 337 229 284 229 
1731 312 224 302 228 
1732 294 226 311 212 
1733 
1734 262 204 284 219 
1735 237 195 298 217 
1736 233 188 288 217 
1737 231 187 269 208 
1738 224 183 260 207 
1739 211 178 248 203 
1740 180 174 273 198 
1741 177 172 263 188 
1742 170 162 260 197 
1743 
1744 159 164 241 180 
1745 155 161 220 180 
1746 149 168 220 163 
1747 137 159 218 180 
1748 113 137 244 188 
1749 107 139 246 177 
1750 
1751 
1752 
1753 91 131 203 170 
1754 85 124 201 170 
1755 72 127 204 165 
1756 
1757 
1758 
1759 
1760 
1761 
1762 
1763 
1764 
1765 
1766 
1767 
1768 
1769 
1770 
1771 
1772 
1773 
1774 
1775 
1776 
1777 
1778 
1779 
1780 
1781 
1782 
1783 
1784 
1785 
1786 
1787 
1788 
1789 
1790 
1791 
1792 
1793 
1794 
1795 
1796 
1797 
1798 
1799 
1800 
1801 
1802 
1803 
1804 
1805 
1806 
1807 0 148 216 212 
1808 0 155 233 219 
1809 0 159 253 224 
1810 6 165 251 214 
1811 12 166 252 222 
1812 25 167 260 228 
1813 18 168 282 234 
1814 35 178 269 226 
1815 58 180 255 232 
1816 59 184 272 237 
1817 
1818 
1819 104 214 280 242 
1820 134 223 264 248 
1821 140 223 274 259 
1822 138 219 300 273 
1823 80 248 458 226 
1824 94 268 471 210 
1825 115 265 472 236 
1826 
1827 153 286 479 252 
1828 163 294 521 247 
1829 164 304 540 250 
1830 201 312 535 255 
1831 217 314 567 273 
1832 238 338 578 277 
1833 231 352 642 265 
1834 
1835 306 371 645 290 
1836 503 410 334 264 
1837 548 424 329 265 
1838 592 426 350 296 
1839 632 454 365 287 
1840 675 512 370 292 
1841 736 531 428 299 
1842 
1843 
1844 
1845 1011 630 510 361 
1846 
1847 
1848 
1849 1399 798 500 254 
1850 1447 824 478 252 
1851 1549 850 381 224 
1852 
1853 
1854 
1855 
1856 
1857 
1858 
1859 
1860 1591 777 435 296 
1861 
1862 
1863 1495 758 404 229 
1864 1496 744 415 217 
1865 1389 684 414 259 
1866 1345 658 404 252 
1867 1249 623 406 244 
1868 1188 610 406 232 
1869 1121 581 389 251 
1870 1076 550 398 261 
1871 1026 531 383 262 
1872 967 495 379 286 
1873 941 479 339 283 
1874 897 467 327 244 
1875 859 443 326 259 
1876 
1877 
1878 589 395 632 268 
1879 530 386 662 249 
1880 499 373 651 255 
1881 469 356 645 251 
1882 470 343 587 268 
1883 437 324 586 267 
1884 413 319 581 258 
1885 390 307 569 246 
1886 
1887 361 300 544 242 
1888 369 291 488 233 
1889 
1890 336 274 472 217 
1891 301 272 478 205 
1892 288 255 473 217 
1893 281 243 456 231 
1894 347 220 294 251 
1895 347 210 258 260 
1896 329 203 263 263 
1897 
1898 
1899 287 179 252 257 
1900 261 180 265 235 
1901 247 173 264 243 
1902 
1903 225 173 271 224 
1904 224 167 250 232 
1905 210 162 238 232 
1906 189 157 250 224 
1907 185 145 246 237 
1908 173 144 256 237 
1909 163 161 249 202 
1910 159 147 238 220 
1911 156 137 224 231 
1912 145 136 221 232 
1913 
1914 
1915 
1916 
1917 
1918 
1919 
1920 
1921 
1922 
1923 
1924 
1925 
1926 
1927 
1928 
1929 
1930 
1931 
1932 
1933 
1934 
1935 
1936 
1937 
1938 
1939 
1940 
1941 
1942 
1943 
1944 
1945 
1946 
1947 
1948 
1949 
1950 
1951 
1952 
1953 
1954 
1955 
1956 
1957 
1958 
1959 
1960 
1961 
1962 
1963 
1964 
1965 
1966 
1967 
1968 
1969 
1970 
1971 0 153 212 218 
1972 0 160 223 221 
1973 0 159 237 232 
1974 0 158 245 244 
1975 8 168 253 239 
1976 0 168 312 275 
1977 27 177 299 267 
1978 
1979 74 205 277 279 
1980 17 230 448 241 
1981 50 250 435 227 
1982 71 263 434 232 
1983 60 278 494 237 
1984 107 280 466 263 
1985 89 294 571 266 
1986 151 300 527 289 
1987 136 320 621 300 
1988 167 337 632 296 
1989 217 358 623 313 
1990 421 409 320 275 
1991 474 417 327 281 
1992 521 458 359 285 
1993 581 485 370 314 
1994 627 530 431 296 
1995 727 560 430 318 
1996 831 578 437 384 
1997 888 616 514 397 
1998 987 657 544 391 
1999 1116 709 552 371 
2000 1260 778 513 291 
2001 1412 814 492 266 
2002 
2003 
2004 
2005 
2006 
2007 
2008 
2009 
2010 
2011 
2012 
2013 
2014 
2015 
2016 1470 593 403 241 
2017 
2018 1281 519 363 245 
2019 
2020 
2021 1092 419 345 262 
2022 1042 385 316 264 
2023 781 390 726 256 
2024 727 369 722 254 
2025 
2026 667 330 639 283 
2027 606 318 673 257 
2028 608 300 586 266 
2029 568 304 592 239 
2030 
2031 492 271 600 259 
2032 484 258 540 237 
2033 
2034 456 242 485 238 
2035 
2036 
2037 
2038 
2039 
2040 
2041 
2042 
2043 364 164 245 228 
2044 
2045 
2046 
2047 
2048 286 136 247 240 
2049 
2050 
2051 
2052 
2053 
2054 
2055 
2056 
2057 
2058 
2059 
2060 
2061 
2062 
2063 
2064 
2065 
2066 
2067 
2068 
2069 
2070 
2071 
2072 
2073 
2074 
2075 
2076 
2077 
2078 
2079 
2080 
2081 
2082 
2083 
2084 
2085 
2086 
2087 
2088 
2089 
2090 
2091 
2092 
2093 
2094 
2095 
2096 
2097 
2098 
2099 
2100 
2101 
2102 
2103 
2104 
2105 
2106 
2107 
2108 
2109 
2110 
2111 
2112 
2113 
2114 
2115 24 103 259 204 
2116 40 104 243 209 
2117 44 107 244 210 
2118 48 112 245 220 
2119 
2120 75 138 276 217 
2121 81 140 275 218 
2122 98 132 272 242 
2123 106 140 271 245 
2124 127 148 270 253 
2125 136 154 284 256 
2126 157 153 286 264 
2127 74 178 464 221 
2128 92 191 466 221 
2129 123 195 448 233 
2130 136 209 457 239 
2131 161 216 468 250 
2132 174 226 488 244 
2133 173 234 523 246 
2134 200 249 548 254 
2135 216 261 559 252 
2136 250 259 555 291 
2137 244 290 643 268 
2138 267 276 658 323 
2139 314 290 637 331 
2140 518 355 320 275 
2141 561 359 331 296 
2142 614 389 363 289 
2143 659 413 377 284 
2144 719 422 405 330 
2145 
2146 880 509 452 342 
2147 902 529 466 341 
2148 989 560 469 338 
2149 1116 598 534 416 
2150 
2151 1325 665 535 411 
2152 
2153 1566 814 340 272 
2154 
2155 
2156 
2157 
2158 
2159 
2160 
2161 
2162 
2163 
2164 
2165 
2166 
2167 
2168 
2169 
2170 
2171 
2172 
2173 
2174 
2175 
2176 
2177 
2178 
2179 
2180 
2181 
2182 
2183 
2184 
2185 
2186 
2187 
2188 
2189 
2190 
2191 
2192 
2193 
2194 
2195 
2196 
2197 0 124 225 197 
2198 
2199 
2200 
2201 26 149 258 212 
2202 47 149 245 224 
2203 67 156 236 225 
2204 77 158 247 230 
2205 80 155 259 242 
2206 88 168 278 232 
2207 97 168 282 239 
2208 122 171 271 246 
2209 123 171 303 263 
2210 61 201 455 217 
2211 73 218 477 214 
2212 108 223 454 223 
2213 202 215 297 254 
2214 131 229 466 237 
2215 151 238 492 229 
2216 162 250 504 225 
2217 180 262 511 228 
2218 189 263 544 244 
2219 211 280 569 242 
2220 212 283 600 252 
2221 241 292 620 255 
2222 254 290 655 287 
2223 307 293 604 310 
2224 327 329 645 284 
2225 338 343 704 281 
2226 553 391 345 251 
2227 608 384 358 277 
2228 657 408 360 262 
2229 684 413 379 277 
2230 757 420 383 323 
2231 801 482 402 293 
2232 870 495 445 325 
2233 911 519 498 327 
2234 999 550 491 349 
2235 1151 599 463 373 
2236 1166 615 542 372 
2237 1250 629 568 388 
2238 1314 666 568 367 
2239 1435 710 483 361 
2240 1510 774 406 308 
2241 1508 771 565 353 
2242 
2243 
2244 
2245 
2246 
2247 
2248 
2249 
2250 
2251 
2252 
2253 
2254 
2255 
2256 
2257 
2258 
2259 
2260 
2261 
2262 
2263 
2264 
2265 
2266 
2267 
2268 
2269 0 103 168 207 
2270 0 107 180 206 
2271 
2272 0 95 213 234 
2273 0 96 223 238 
2274 0 107 224 225 
2275 0 112 240 230 
2276 0 112 250 241 
2277 0 119 255 255 
2278 3 132 269 245 
2279 6 131 275 252 
2280 12 132 293 258 
2281 31 134 281 262 
2282 50 135 276 267 
2283 62 136 273 277 
2284 5 172 410 225 
2285 0 178 461 228 
2286 17 183 463 239 
2287 32 183 456 256 
2288 36 202 482 240 
2289 54 196 468 267 
2290 42 209 535 260 
2291 75 214 522 264 
2292 99 215 513 272 
2293 106 230 539 271 
2294 123 243 556 274 
2295 133 256 591 278 
2296 137 252 631 299 
2297 167 257 636 313 
2298 168 257 682 336 
2299 209 266 648 347 
2300 411 310 328 284 
2301 449 328 332 299 
2302 484 350 358 290 
2303 505 356 396 305 
2304 581 385 360 302 
2305 614 400 400 310 
2306 651 422 427 338 
2307 733 465 443 326 
2308 748 455 516 372 
2309 823 483 528 392 
2310 888 483 544 448 
2311 910 524 668 495 
2312 1010 546 680 506 
2313 1103 568 708 506 
2314 1154 588 725 511 
2315 1283 619 612 495 
2316 1409 685 510 402 
2317 
2318 
2319 
2320 
2321 
2322 
2323 
2324 
2325 
2326 
2327 
2328 0 108 151 184 
2329 0 111 156 185 
2330 0 111 167 193 
2331 
2332 0 98 198 207 
2333 0 103 199 202 
2334 0 106 209 207 
2335 0 111 216 199 
2336 0 117 232 199 
2337 
2338 0 127 254 203 
2339 
2340 
2341 23 142 272 228 
2342 31 143 275 236 
2343 46 142 271 240 
2344 60 148 276 241 
2345 64 148 285 256 
2346 
2347 92 162 297 250 
2348 101 165 307 256 
2349 41 196 472 215 
2350 32 199 514 221 
2351 53 206 514 215 
2352 88 210 488 241 
2353 80 222 536 230 
2354 
2355 136 221 517 252 
2356 142 230 555 250 
2357 135 243 597 257 
2358 158 252 596 261 
2359 180 266 619 264 
2360 189 274 633 263 
2361 204 276 670 279 
2362 217 288 711 288 
2363 443 295 324 278 
2364 0 100 212 231 471 305 331 281 
2365 506 362 348 240 
2366 533 369 358 270 
2367 586 389 380 271 
2368 624 395 389 282 
2369 0 132 291 241 668 414 371 271 
2370 0 129 298 255 736 428 386 303 
2371 757 441 431 318 
2372 0 157 407 225 842 479 447 327 
2373 0 160 412 228 883 499 464 324 
2374 978 536 469 315 0 168 423 225 
2375 1000 555 543 344 0 174 446 237 
2376 0 174 449 244 
2377 1151 609 599 373 0 189 486 237 
2378 1185 620 708 474 3 189 491 245 
2379 1314 639 528 405 19 209 508 229 
2380 36 206 503 249 1402 701 500 354 
2381 1460 730 444 326 39 214 548 250 
2382 1568 775 356 290 47 217 568 256 
2383 1559 747 487 382 74 222 553 265 
2384 81 227 563 271 
2385 97 236 589 287 
2386 104 253 649 288 
2387 102 258 693 293 
2388 130 268 672 298 
2389 333 300 328 240 
2390 362 300 339 268 
2391 396 309 349 277 
2392 431 339 363 283 
2393 461 365 382 281 
2394 496 370 383 304 
2395 560 394 393 302 
2396 600 402 411 307 
2397 628 406 416 329 
2398 680 418 465 365 
2399 745 458 470 356 
2400 829 498 493 375 
2401 844 503 505 387 
2402 
2403 935 543 702 493 
2404 1061 573 722 457 
2405 1159 588 699 497 
2406 1291 632 565 406 
2407 1415 664 486 416 
2408 1493 725 411 345 
2409 1546 805 368 283 
2410 1546 767 517 366 
2411 
2412 
2413 
2414 
2415 
2416 
2417 
2418 
2419 
2420 
2421 
2422 
2423 
2424 
2425 
2426 
2427 
2428 
2429 
2430 
2431 
2432 
2433 
2434 
2435 
2436 
2437 
2438 0 116 167 216 
2439 
2440 
2441 
2442 0 148 233 223 
2443 0 148 250 233 
2444 0 147 268 242 
2445 0 143 283 263 
2446 0 153 316 262 
2447 20 160 301 258 
2448 33 169 312 250 
2449 0 199 444 219 
2450 0 211 481 227 
2451 24 222 477 230 
2452 24 230 510 231 
2453 59 238 493 238 
2454 81 250 501 244 
2455 84 256 532 253 
2456 102 274 573 253 
2457 114 280 599 256 
2458 89 283 692 275 
2459 169 290 626 304 
2460 194 289 615 325 
2461 382 348 338 276 
2462 426 368 349 279 
2463 465 395 366 266 
2464 511 421 376 262 
2465 588 416 380 302 
2466 591 432 457 332 
2467 683 451 470 368 
2468 710 486 542 360 
2469 820 508 509 400 
2470 807 478 695 534 
2471 944 563 681 497 
2472 1051 590 727 504 
2473 1138 628 731 484 
2474 1211 699 643 376 
2475 1367 767 554 315 
2476 1476 782 441 315 
2477 1537 776 519 365 
2478 
2479 
2480 
2481 
2482 
2483 
2484 
2485 
2486 
2487 
2488 
2489 
2490 
2491 
2492 
2493 
2494 
2495 1606 731 442 291 
2496 
2497 
2498 1496 696 437 245 
2499 1434 665 485 235 
2500 1346 621 459 239 
2501 1310 588 430 239 
2502 1190 554 447 233 
2503 1145 519 405 247 
2504 1041 487 423 229 
2505 1006 444 384 259 
2506 937 397 373 265 
2507 885 394 371 238 
2508 666 359 708 292 
2509 776 364 344 238 
2510 580 335 693 271 
2511 524 310 679 275 
2512 492 304 663 247 
2513 470 294 633 235 
2514 417 289 634 219 
2515 413 268 600 232 
2516 383 258 586 223 
2517 357 251 575 211 
2518 363 236 523 220 
2519 453 214 296 250 
2520 302 221 528 219 
2521 374 205 339 237 
2522 
2523 327 184 328 241 
2524 292 177 330 232 
2525 301 169 292 230 
2526 288 168 291 230 
2527 279 165 283 221 
2528 261 159 266 214 
2529 250 142 263 235 
2530 228 144 273 219 
2531 227 143 259 215 
2532 
2533 179 123 265 212 
2534 174 120 261 207 
2535 
2536 
2537 156 112 231 204 
2538 153 110 213 195 
2539 140 110 221 188 
2540 131 108 220 182 
2541 
2542 
2543 
2544 
2545 
2546 
2547 
2548 
2549 
2550 
2551 
2552 
2553 
2554 
2555 
2556 
2557 
2558 
2559 
2560 
2561 
2562 
2563 
2564 
2565 
2566 
2567 
2568 
2569 
2570 
2571 
2572 
2573 
2574 
2575 
2576 1467 587 632 310 
2577 
2578 1481 573 431 237 
2579 1350 513 496 270 
2580 1322 494 431 257 
2581 1211 458 410 243 
2582 1121 425 372 247 
2583 1051 404 373 236 
2584 961 389 380 237 
2585 904 357 352 240 
2586 704 313 691 289 
2587 660 295 637 279 
2588 570 295 678 243 
2589 525 274 659 256 
2590 482 265 635 238 
2591 477 246 572 245 
2592 436 224 567 242 
2593 428 218 506 247 
2594 381 215 519 234 
2595 330 214 543 214 
2596 324 201 505 211 
2597 298 193 470 208 
2598 269 190 478 203 
2599 342 158 290 250 
2600 310 152 291 246 
2601 289 156 289 241 
2602 276 145 272 235 
2603 258 140 265 235 
2604 
2605 213 126 279 242 
2606 191 112 267 235 
2607 166 107 284 230 
2608 160 100 281 238 
2609 
2610 146 94 246 233 
2611 132 102 236 214 
2612 
2613 115 99 225 198 
2614 
2615 
2616 
2617 
2618 
2619 
2620 
2621 
2622 
2623 
2624 
2625 
2626 
2627 
2628 
2629 
2630 
2631 
2632 
2633 
2634 
2635 
2636 
2637 
2638 
2639 
2640 
2641 
2642 
2643 
2644 
2645 
2646 
2647 
2648 
2649 
2650 
2651 
2652 
2653 
2654 
2655 
2656 
2657 
2658 
2659 
2660 
2661 
2662 
2663 
2664 
2665 
2666 
2667 
2668 
2669 
2670 1539 619 518 255 
2671 
2672 
2673 
2674 
2675 
2676 1488 587 409 240 
2677 1485 577 415 222 
2678 1452 570 448 230 
2679 1437 546 474 242 
2680 1408 516 487 268 
2681 1354 504 471 262 
2682 1341 493 445 257 
2683 1322 472 401 249 
2684 1292 468 398 245 
2685 1223 461 422 232 
2686 1213 438 406 246 
2687 1174 429 408 248 
2688 1172 415 375 249 
2689 1114 410 382 245 
2690 1099 406 383 245 
2691 1062 401 391 248 
2692 1035 394 404 238 
2693 1019 384 391 229 
2694 972 370 394 246 
2695 958 356 389 248 
2696 937 348 389 246 
2697 911 322 394 253 
2698 900 319 385 255 
2699 888 316 360 239 
2700 729 310 656 260 
2701 643 305 740 260 
2702 625 291 750 260 
2703 806 282 331 247 
2704 548 289 780 234 
2705 564 285 738 237 
2706 568 278 694 246 
2707 
2708 529 265 664 238 
2709 529 268 642 224 
2710 516 254 622 238 
2711 471 258 650 224 
2712 456 253 667 222 
2713 466 243 628 224 
2714 455 232 624 233 
2715 445 225 606 238 
2716 429 239 604 208 
2717 417 232 608 213 
2718 416 229 583 215 
2719 408 223 570 216 
2720 371 224 580 202 
2721 353 222 612 199 
2722 358 219 584 205 
2723 347 212 571 198 
2724 353 204 547 204 
2725 336 196 533 207 
2726 331 192 529 206 
2727 319 198 531 201 
2728 307 194 544 203 
2729 386 168 351 243 
2730 381 164 343 244 
2731 381 163 313 239 
2732 369 160 316 237 
2733 
2734 346 152 329 251 
2735 341 155 330 245 
2736 340 154 317 242 
2737 327 154 311 238 
2738 316 151 303 236 
2739 309 149 298 229 
2740 305 149 290 222 
2741 284 142 311 239 
2742 284 135 304 237 
2743 281 136 301 231 
2744 271 135 310 230 
2745 254 136 316 224 
2746 255 124 283 224 
2747 244 124 282 222 
2748 
2749 232 112 287 238 
2750 
2751 212 114 295 226 
2752 209 114 294 219 
2753 211 114 270 213 
2754 201 109 268 220 
2755 188 108 272 217 
2756 189 110 263 210 
2757 177 103 271 215 
2758 174 101 275 216 
2759 171 100 267 213 
2760 166 103 269 206 
2761 
2762 148 95 272 222 
2763 
2764 
2765 138 99 260 204 
2766 133 99 262 203 
2767 126 96 249 204 
2768 130 101 249 192 
2769 
2770 125 96 242 198 
2771 122 94 247 202 
2772 
2773 
2774 
2775 
2776 
2777 
2778 
2779 
2780 
2781 
2782 
2783 
2784 
2785 
2786 
2787 
2788 
2789 
2790 
2791 
2792 
2793 
2794 
2795 
2796 
2797 
2798 
2799 
2800 
2801 
2802 
2803 
2804 
2805 
2806 
2807 
2808 
2809 
2810 
2811 
2812 
2813 
2814 
2815 
2816 
2817 
2818 
2819 
2820 
2821 
2822 
2823 
2824 
2825 
2826 
2827 
2828 
2829 
2830 
2831 
2832 
2833 
2834 
2835 
2836 
2837 
2838 
2839 
2840 
2841 
2842 
2843 
2844 
2845 
2846 
2847 
2848 
2849 
2850 
2851 
2852 
2853 
2854 
2855 
2856 
2857 
2858 
2859 
2860 
2861 
2862 
2863 
2864 
2865 
2866 
2867 
2868 
2869 
2870 
2871 
2872 
2873 
2874 
2875 
2876 
2877 
2878 0 103 226 210 
2879 0 106 233 207 
2880 0 112 248 203 
2881 0 111 258 212 
2882 0 114 270 210 
2883 0 115 284 216 
2884 
2885 
2886 
2887 23 131 321 247 
2888 36 142 320 238 
2889 57 145 306 248 
2890 0 159 471 224 
2891 5 165 494 221 
2892 15 174 499 215 
2893 23 182 509 212 
2894 40 188 516 226 
2895 43 197 532 221 
2896 48 199 563 228 
2897 69 213 573 221 
2898 81 212 596 242 
2899 89 221 633 236 
2900 101 227 658 250 
2901 115 239 672 253 
2902 147 244 664 265 
2903 170 249 653 268 
2904 158 266 758 273 
2905 404 301 350 231 
2906 436 298 370 247 
2907 458 306 391 258 
2908 488 316 408 274 
2909 552 348 441 282 
2910 585 358 452 292 
2911 633 382 465 284 
2912 704 396 474 304 
2913 730 409 525 321 
2914 832 423 483 348 
2915 1357 490 449 225 892 451 512 352 
2916 964 484 555 344 
2917 
2918 
2919 1188 552 734 492 
2920 1266 566 651 497 1074 409 426 233 
2921 1022 381 432 236 1399 641 517 388 
2922 975 338 385 278 1491 680 413 363 
2923 1605 694 315 377 956 336 376 232 
2924 908 303 373 250 
2925 898 284 330 251 
2926 623 288 767 260 
2927 818 251 305 281 
2928 
2929 573 250 671 263 
2930 556 260 627 242 
2931 545 251 604 237 
2932 474 243 644 235 
2933 473 234 610 230 
2934 461 217 586 243 
2935 442 221 568 230 
2936 423 220 563 224 
2937 415 207 531 237 
2938 390 187 532 239 
2939 377 199 520 212 
2940 350 194 518 211 
2941 330 185 509 229 
2942 316 186 523 214 
2943 306 184 506 214 
2944 386 158 301 246 
2945 
2946 357 149 296 253 
2947 338 144 304 251 
2948 314 141 308 249 
2949 311 127 291 263 
2950 
2951 291 139 285 231 
2952 277 130 289 240 
2953 
2954 
2955 235 109 282 244 
2956 
2957 
2958 201 114 269 217 
2959 186 109 273 220 
2960 182 111 267 210 
2961 
2962 
2963 
2964 
2965 0 102 142 199 
2966 0 103 156 205 
2967 
2968 
2969 0 101 208 218 
2970 0 105 224 217 
2971 0 101 225 233 
2972 0 110 240 228 
2973 0 115 255 238 
2974 
2975 
2976 
2977 24 138 305 247 
2978 49 157 293 233 
2979 61 160 302 243 
2980 0 171 444 230 
2981 0 181 468 227 
2982 22 199 470 213 
2983 36 196 485 233 
2984 30 205 521 240 
2985 58 214 520 239 
2986 67 222 547 240 
2987 84 230 552 237 
2988 123 233 537 252 
2989 123 247 595 257 
2990 111 248 645 272 
2991 133 263 670 276 
2992 166 273 671 272 
2993 160 280 736 288 
2994 204 288 722 289 
2995 437 314 329 277 
2996 479 365 372 245 
2997 508 363 378 282 
2998 575 385 391 291 
2999 621 401 410 290 
3000 658 403 397 313 
3001 737 438 418 328 
3002 757 429 451 348 
3003 888 489 456 365 
3004 898 505 530 357 
3005 
3006 1038 563 755 491 
3007 1131 572 764 505 
3008 1239 602 661 474 
3009 1383 685 531 359 
3010 1481 700 442 370 
3011 
3012 
3013 
3014 
3015 
3016 
3017 
3018 
3019 
3020 
3021 
3022 
3023 
3024 
3025 
3026 
3027 
3028 
3029 
3030 
3031 
3032 
3033 
3034 
3035 
3036 
3037 
3038 
3039 
3040 
3041 
3042 
3043 
3044 
3045 
3046 
3047 
3048 
3049 
3050 
3051 
3052 
3053 
3054 
3055 
3056 
3057 
3058 
3059 
3060 
3061 
3062 
3063 1328 488 441 263 
3064 1207 423 434 260 
3065 1176 398 377 264 
3066 1060 377 405 262 
3067 975 348 395 262 
3068 923 339 381 224 
3069 723 285 723 274 
3070 809 267 339 251 
3071 597 246 669 271 
3072 534 237 690 263 
3073 513 220 653 250 
3074 439 217 698 230 
3075 430 201 640 247 
3076 415 193 591 227 
3077 388 179 569 227 
3078 373 168 538 225 
3079 357 162 516 223 
3080 325 153 508 219 
3081 377 127 360 253 
3082 
3083 340 102 321 255 
3084 307 95 318 250 
3085 303 98 291 237 
3086 291 92 284 235 
3087 285 89 267 232 
3088 257 81 265 231 
3089 239 86 271 214 
3090 232 87 261 207 
3091 226 75 249 215 
3092 207 64 239 227 
3093 
3094 
3095 
3096 
3097 
3098 
3099 
3100 
3101 
3102 
3103 
3104 
3105 
3106 
3107 
3108 
3109 
3110 
3111 
3112 
3113 
3114 
3115 
3116 
3117 
3118 
3119 
3120 
3121 
3122 
3123 
3124 
3125 
3126 
3127 
3128 
3129 
3130 
3131 
3132 
3133 
3134 
3135 
3136 
3137 
3138 
3139 
3140 
3141 
3142 
3143 
3144 
3145 
3146 
3147 
3148 
3149 
3150 
3151 
3152 
3153 
3154 
3155 
3156 
3157 
3158 
3159 
3160 
3161 
3162 
3163 
3164 
3165 
3166 
3167 
3168 
3169 
3170 202 91 215 206 
3171 213 101 207 199 
3172 222 99 205 209 
3173 227 94 219 223 
3174 233 94 222 229 
3175 245 97 224 238 
3176 251 108 246 234 
3177 252 108 258 241 
3178 277 104 243 261 
3179 296 120 241 257 
3180 303 136 243 249 
3181 309 136 257 267 
3182 322 131 266 278 
3183 348 147 260 261 
3184 364 151 262 274 
3185 299 193 427 222 
3186 313 194 446 232 
3187 332 205 459 234 
3188 339 216 491 244 
3189 337 227 538 244 
3190 391 230 495 270 
3191 394 251 545 261 
3192 399 267 594 275 
3193 422 277 622 289 
3194 459 287 629 307 
3195 493 297 621 316 
3196 503 327 713 313 
3197 745 379 343 283 
3198 784 429 371 246 
3199 846 433 365 279 
3200 894 464 408 313 
3201 953 492 437 334 
3202 1011 509 498 375 
3203 1118 554 494 387 
3204 1174 578 565 429 
3205 1249 626 648 455 
3206 1352 682 573 371 
3207 1465 747 470 342 
3208 1593 801 326 298 
3209 1595 863 452 255 
3210 
3211 
3212 
3213 
3214 
3215 
3216 
3217 
3218 
3219 
3220 
3221 
3222 
3223 
3224 
3225 
3226 
3227 
3228 
3229 
3230 
3231 
3232 
3233 
3234 
3235 
3236 
3237 
3238 
3239 
3240 
3241 
3242 
3243 
3244 
3245 
3246 
3247 
3248 
3249 
3250 
3251 
3252 
3253 
3254 
3255 
3256 
3257 
3258 
3259 198 83 220 184 
3260 212 79 212 201 
3261 228 76 217 221 
3262 233 87 231 225 
3263 244 89 233 228 
3264 242 94 263 231 
3265 247 94 268 242 
3266 270 101 259 242 
3267 286 107 262 249 
3268 283 106 297 259 
3269 306 123 292 253 
3270 321 132 288 256 
3271 349 136 283 265 
3272 288 156 442 247 
3273 310 177 454 227 
3274 333 183 472 246 
3275 344 187 487 266 
3276 365 201 514 263 
3277 386 213 534 262 
3278 412 224 555 284 
3279 443 230 559 304 
3280 439 251 646 308 
3281 656 254 309 303 
3282 510 272 657 333 
3283 749 349 361 292 
3284 807 378 358 305 
3285 875 395 397 324 
3286 934 432 401 340 
3287 1015 477 452 350 
3288 1140 517 457 384 
3289 1180 538 483 377 
3290 1282 580 593 484 
3291 1439 640 452 394 
3292 1524 711 396 359 
3293 
3294 
3295 
3296 
3297 
3298 
3299 
3300 
3301 
3302 
3303 
3304 
3305 
3306 
3307 
3308 
3309 
3310 
3311 
3312 
3313 
3314 
3315 
3316 1594 694 450 324 
3317 
3318 
3319 
3320 1394 605 392 260 
3321 1335 578 398 260 
3322 
3323 
3324 1103 464 371 253 
3325 891 421 691 278 
3326 
3327 850 369 559 279 
3328 735 348 655 271 
3329 685 343 647 259 
3330 694 319 558 258 
3331 629 300 602 244 
3332 592 294 574 232 
3333 581 284 557 231 
3334 580 268 482 220 
3335 535 255 508 216 
3336 635 222 259 251 
3337 501 228 461 240 
3338 580 198 282 264 
3339 
3340 440 200 439 215 
3341 498 175 279 253 
3342 473 166 269 242 
3343 466 155 260 246 
3344 448 166 269 226 
3345 440 160 251 223 
3346 418 144 246 229 
3347 402 128 253 243 
3348 
3349 
3350 
3351 
3352 
3353 
3354 
3355 
3356 
3357 
3358 
3359 
3360 
3361 
3362 
3363 
3364 
3365 
3366 
3367 
3368 
3369 
3370 
3371 
3372 
3373 
3374 
3375 
3376 
3377 
3378 
3379 
3380 
3381 
3382 
3383 
3384 
3385 
3386 
3387 
3388 
3389 
3390 
3391 
3392 
3393 
3394 
3395 
3396 
3397 
3398 
3399 
3400 
